Karate: 0.0066258907318115234
USA:    91.77580571174622
Erdos:  7122.201397180557